[header]
width=50
height=15
tilewidth=21
tileheight=21
orientation=orthogonal

[tilesets]
tileset=sheet.png,21,21,0,0

[layer]
type=Map
data=
202,202,202,202,202,202,202,202,202,202,202,202,202,202,202,202,202,202,202,202,202,202,202,202,202,202,202,202,202,202,202,202,202,202,202,202,202,202,202,202,202,202,202,202,202,202,202,202,202,202,
202,202,202,202,202,202,202,202,202,202,202,202,202,202,202,202,202,202,202,202,202,202,202,202,202,202,202,202,202,202,202,202,202,202,202,202,202,202,202,202,202,202,202,202,202,202,202,202,202,202,
202,202,202,202,202,202,202,202,202,202,202,202,202,202,202,202,202,202,202,202,202,202,202,202,202,202,202,202,202,202,202,202,202,202,202,202,202,202,202,202,202,202,202,202,202,202,202,202,202,202,
202,202,202,202,202,202,202,202,202,202,202,202,202,202,202,202,202,254,0,202,202,202,202,202,202,202,202,202,202,202,202,202,202,202,202,202,202,202,202,202,202,202,202,202,202,202,202,202,202,202,
202,202,202,202,202,202,202,202,202,202,202,202,202,202,202,202,202,159,159,159,202,202,202,202,202,202,202,202,202,202,202,202,202,202,202,202,202,202,202,202,202,202,202,202,202,202,202,202,202,202,
202,202,202,202,202,202,202,202,202,202,202,202,202,202,202,202,202,202,202,202,202,159,159,202,202,202,202,202,202,202,0,202,202,202,202,202,202,202,202,202,202,202,202,202,202,202,202,202,202,202,
202,202,202,202,202,202,202,202,202,202,202,202,202,202,202,202,202,202,202,202,202,202,202,202,159,159,202,202,202,202,202,202,202,202,202,202,202,202,202,202,202,202,202,202,202,202,202,202,202,202,
124,202,202,202,202,202,202,202,202,202,202,202,202,202,202,202,202,202,202,202,202,202,202,202,202,202,202,124,124,124,124,124,124,124,124,202,159,159,159,202,202,202,202,202,202,202,0,202,202,124,
153,202,202,202,202,202,202,202,202,202,202,202,202,202,202,202,202,202,202,202,202,202,202,202,202,202,202,153,153,153,153,153,153,153,153,202,202,202,202,202,159,159,202,202,202,202,202,202,202,153,
153,202,202,202,202,202,202,124,124,202,202,202,202,0,202,202,202,202,202,202,202,202,202,0,202,202,202,202,202,202,202,202,202,202,202,202,202,0,202,202,202,202,202,159,159,202,0,202,202,153,
153,202,202,202,202,124,124,153,153,202,202,202,202,0,202,202,202,202,0,202,202,202,202,0,202,202,202,202,202,202,202,202,202,202,202,202,202,202,202,202,202,202,202,202,202,202,124,124,124,153,
153,124,124,124,124,153,153,153,153,124,124,124,124,124,124,124,124,124,124,124,124,124,124,124,124,124,124,124,124,124,124,124,124,124,124,124,124,124,124,124,124,124,124,124,124,124,153,153,153,153,
153,153,153,153,153,153,153,153,153,153,153,153,153,153,153,153,153,153,153,153,153,153,153,153,153,153,153,153,153,153,153,153,153,153,153,153,153,153,153,153,153,153,153,153,153,153,153,153,153,153,
153,153,153,153,153,153,153,153,153,153,153,153,153,153,153,153,153,153,153,153,153,153,153,153,153,153,153,153,153,153,153,153,153,153,153,153,153,153,153,153,153,153,153,153,153,153,153,153,153,153,
153,153,153,153,153,153,153,153,153,153,153,153,153,153,153,153,153,153,153,153,153,153,153,153,153,153,153,153,153,153,153,153,153,153,153,153,153,153,153,153,153,153,153,153,153,153,153,153,153,153

[Objects]
# ENEMY
type=ENEMY
location=10,11,1,1

[Objects]
# PLAYER
type=PLAYER
location=1,11,1,1

[Objects]
# coin
type=COLLECTIBLE
location=13,10,1,1

[Objects]
# coin
type=COLLECTIBLE
location=23,10,1,1

[Objects]
# coin
type=COLLECTIBLE
location=30,6,1,1

[Objects]
# coin
type=COLLECTIBLE
location=46,8,1,1

[Objects]
# coin
type=COLLECTIBLE
location=37,10,1,1

[Objects]
# spike
type=SPIKE
location=13,11,1,1

[Objects]
# spike
type=SPIKE
location=18,11,1,1

[Objects]
# spike
type=SPIKE
location=23,11,1,1

[Objects]
# spike
type=SPIKE
location=31,7,1,1

[Objects]
# door
type=DOOR
location=18,4,1,1

