[header]
width=50
height=15
tilewidth=21
tileheight=21
orientation=orthogonal

[tilesets]
tileset=sheet.png,21,21,0,0

[layer]
type=Map
data=
202,202,202,202,202,202,202,202,202,202,202,202,202,202,202,202,202,202,202,202,202,202,202,202,202,202,202,202,202,202,202,202,202,202,202,202,202,202,202,202,202,202,202,202,202,202,202,202,202,202,
202,202,202,202,202,202,202,202,202,202,202,202,202,202,202,202,202,202,202,202,202,202,202,202,202,202,202,202,202,202,202,202,202,202,202,202,202,202,202,202,202,202,202,202,202,202,202,202,202,202,
202,202,202,202,202,202,202,202,202,202,202,202,202,202,202,202,202,202,202,202,202,202,202,202,202,202,202,202,202,202,202,202,202,202,202,202,202,202,202,202,202,202,202,202,202,202,202,202,202,202,
202,202,202,202,202,202,202,202,202,202,202,202,202,202,202,202,202,202,202,202,202,202,202,202,202,202,202,202,202,202,202,202,202,202,202,202,202,202,202,202,202,202,202,202,202,202,202,202,202,202,
202,202,202,202,202,202,202,202,202,202,202,202,202,202,202,202,202,202,202,202,202,202,202,202,202,202,202,202,202,202,202,202,202,202,202,202,202,202,202,202,202,202,202,202,202,202,202,202,202,202,
202,202,202,202,202,202,202,202,202,202,202,202,202,202,202,202,202,202,202,202,202,202,202,202,202,202,202,202,202,202,202,202,202,202,202,202,202,202,202,202,202,202,202,202,202,202,202,202,202,202,
202,202,202,202,202,202,202,202,202,202,202,202,202,202,202,202,202,202,202,202,202,202,202,202,202,202,202,202,202,202,202,202,202,202,202,202,202,202,202,202,202,202,202,202,202,202,202,202,202,202,
124,202,202,202,202,202,202,202,202,202,202,202,202,202,202,202,202,202,202,202,202,202,202,202,202,202,202,202,202,202,202,202,202,202,202,202,202,202,202,202,202,202,202,202,202,202,202,202,202,124,
153,202,202,202,202,202,202,202,202,202,202,202,202,202,202,202,202,202,202,202,202,202,202,202,202,202,0,202,202,202,202,202,202,202,202,202,202,202,202,0,202,202,202,202,202,202,202,202,202,153,
153,202,202,202,0,202,202,0,202,202,202,0,0,202,202,0,0,202,202,202,202,202,202,202,202,202,202,202,202,202,202,202,202,202,202,202,202,202,202,202,202,202,202,202,202,202,202,202,202,153,
153,202,202,202,0,202,202,0,202,202,202,202,202,202,202,202,202,202,202,202,202,202,202,202,202,202,202,202,202,202,202,202,202,202,0,202,202,202,202,202,202,202,202,202,202,254,202,0,202,153,
153,124,124,124,124,124,124,124,124,124,202,124,124,124,202,124,124,202,124,124,124,124,124,124,124,124,124,124,124,124,124,124,124,124,124,124,124,124,124,124,124,124,124,124,124,124,124,124,124,153,
153,153,153,153,153,153,153,153,153,153,202,202,202,202,202,202,202,202,153,153,153,153,153,153,153,153,153,153,153,153,153,153,153,153,153,153,153,153,153,153,153,153,153,153,153,153,153,153,153,153,
153,153,153,153,153,153,153,153,153,153,202,202,202,202,202,202,202,202,153,153,153,153,153,153,153,153,153,153,153,153,153,153,153,153,153,153,153,153,153,153,153,153,153,153,153,153,153,153,153,153,
153,153,153,153,153,153,153,153,153,153,71,71,71,71,71,71,71,71,153,153,153,153,153,153,153,153,153,153,153,153,153,153,153,153,153,153,153,153,153,153,153,153,153,153,153,153,153,153,153,153

[Objects]
# PLAYER
type=PLAYER
location=1,11,1,1

[Objects]
# ENEMY
type=ENEMY
location=20,11,1,1

[Objects]
# ENEMY
type=ENEMY
location=34,11,1,1

[Objects]
# coin
type=COLLECTIBLE
location=3,10,1,1

[Objects]
# coin
type=COLLECTIBLE
location=7,10,1,1

[Objects]
# coin
type=COLLECTIBLE
location=26,8,1,1

[Objects]
# coin
type=COLLECTIBLE
location=39,8,1,1

[Objects]
# spike
type=SPIKE
location=3,11,1,1

[Objects]
# spike
type=SPIKE
location=7,11,1,1

[Objects]
# door
type=DOOR
location=47,11,1,1

