[header]
width=50
height=15
tilewidth=21
tileheight=21
orientation=orthogonal

[tilesets]
tileset=sheet.png,21,21,0,0

[layer]
type=Map
data=
200,200,200,200,200,200,200,200,200,200,200,200,200,200,200,200,200,200,200,200,200,200,200,200,200,200,200,200,200,200,200,200,200,200,200,200,200,200,200,200,200,200,200,200,200,200,200,200,200,200,
200,200,200,200,200,200,200,200,200,200,200,200,200,200,200,200,200,200,200,200,200,200,200,200,200,200,200,200,200,200,200,200,200,200,200,200,200,200,200,200,200,200,200,200,200,200,200,200,200,200,
200,200,200,200,200,200,200,200,200,200,200,200,200,200,200,200,200,200,200,200,200,200,200,200,200,200,200,200,200,200,200,200,200,200,200,200,200,200,200,200,200,200,200,200,200,200,200,200,200,200,
200,200,200,200,200,200,200,200,200,200,200,200,200,200,200,200,200,200,200,200,200,200,200,200,200,200,200,200,200,200,200,200,200,200,200,200,200,200,200,200,200,200,200,200,200,200,200,200,200,200,
200,200,200,200,200,200,200,200,200,200,200,200,200,200,200,200,200,200,200,200,200,200,200,200,200,200,200,200,200,200,200,200,200,200,200,200,200,200,200,200,200,200,200,200,200,200,200,200,200,200,
200,200,200,200,200,200,200,200,200,200,200,200,200,200,200,200,200,200,200,200,200,200,200,200,200,200,200,200,200,200,200,200,200,200,200,200,200,200,200,200,200,200,200,200,200,200,200,200,200,200,
200,200,200,200,200,200,200,200,200,200,200,200,200,200,200,0,200,200,200,200,200,200,200,200,200,200,200,200,200,200,200,200,200,200,200,0,200,200,200,200,200,200,200,200,200,200,200,200,200,200,
124,200,200,200,200,200,200,200,200,200,200,200,200,0,200,200,200,200,200,200,200,200,200,200,200,200,200,200,200,200,200,200,200,200,200,200,200,200,200,200,200,200,200,200,200,200,200,200,200,124,
153,200,200,200,200,200,200,200,200,200,200,0,200,200,200,124,124,200,200,200,200,200,200,200,200,0,200,200,200,200,200,200,124,124,200,200,200,200,200,200,200,200,200,200,200,200,200,200,200,153,
153,200,200,200,200,200,200,200,200,200,200,200,200,124,124,153,153,200,200,200,200,200,200,200,200,200,200,200,200,124,124,200,200,200,200,200,200,200,200,200,200,200,200,200,200,200,200,200,200,153,
153,200,200,200,200,200,200,200,200,200,200,124,124,153,153,153,153,200,200,200,200,200,200,200,200,200,124,124,200,200,200,200,200,200,200,200,200,200,200,200,200,200,200,200,200,254,200,0,200,153,
153,124,124,124,124,124,124,124,124,124,124,153,153,153,153,153,153,124,124,124,124,124,124,124,124,200,200,200,200,200,200,200,200,200,200,124,124,124,124,124,124,124,124,124,124,124,124,124,124,153,
153,153,153,153,153,153,153,153,153,153,153,153,153,153,153,153,153,153,153,153,153,153,153,153,153,200,200,200,200,200,200,200,200,200,200,153,153,153,153,153,153,153,153,153,153,153,153,153,153,153,
153,153,153,153,153,153,153,153,153,153,153,153,153,153,153,153,153,153,153,153,153,153,153,153,153,200,200,200,200,200,200,200,200,200,200,153,153,153,153,153,153,153,153,153,153,153,153,153,153,153,
153,153,153,153,153,153,153,153,153,153,153,153,153,153,153,153,153,153,153,153,153,153,153,153,153,71,71,71,71,71,71,71,71,71,71,153,153,153,153,153,153,153,153,153,153,153,153,153,153,153

[Objects]
# PLAYER
type=PLAYER
location=1,11,1,1

[Objects]
# coin
type=COLLECTIBLE
location=11,9,1,1

[Objects]
# coin
type=COLLECTIBLE
location=13,8,1,1

[Objects]
# coin
type=COLLECTIBLE
location=15,7,1,1

[Objects]
# coin
type=COLLECTIBLE
location=25,9,1,1

[Objects]
# coin
type=COLLECTIBLE
location=31,7,1,1

[Objects]
# ENEMY
type=ENEMY
location=18,11,1,1

[Objects]
# ENEMY
type=ENEMY
location=37,11,1,1

[Objects]
# door
type=DOOR
location=47,11,1,1

